a1 	118.21 	122 	0 	244 	12.899 	12.200 	2.40e-03 	2.00e-03
a2 	33.34 	37 	0 	74 	3.912 	3.700 	2.40e-03 	2.00e-03
a3 	74.49 	66 	0 	132 	6.978 	6.600 	2.40e-03 	2.00e-03
a4 	178.70 	190 	0 	380 	20.089 	19.000 	2.40e-03 	2.00e-03
a5 	107.79 	108 	0 	216 	11.419 	10.800 	2.40e-03 	2.00e-03
a6 	1597.68 	1596 	0 	3192 	168.749 	159.600 	2.40e-03 	2.00e-03
a7 	820.07 	736 	0 	1472 	77.819 	73.600 	2.40e-03 	2.00e-03
a8 	260.97 	268 	0 	536 	28.336 	26.800 	2.40e-03 	2.00e-03
a9 	2245.89 	2044 	0 	4088 	216.117 	204.400 	2.40e-03 	2.00e-03
b1 	4.52 	5 	0 	10 	0.529 	0.500 	2.40e-03 	2.00e-03
b3 	132.15 	125 	0 	250 	13.217 	12.500 	2.40e-03 	2.00e-03
b4 	89.30 	89 	0 	178 	9.410 	8.900 	2.40e-03 	2.00e-03
b5 	752.74 	700 	0 	1400 	74.013 	70.000 	2.40e-03 	2.00e-03
b6 	1151.79 	1188 	0 	2376 	125.610 	118.800 	2.40e-03 	2.00e-03
b7 	677.75 	658 	0 	1316 	69.572 	65.800 	2.40e-03 	2.00e-03
b8 	1842.96 	1862 	0 	3724 	196.873 	186.200 	2.40e-03 	2.00e-03
c1 	10.45 	10 	0 	20 	1.057 	1.000 	2.40e-03 	2.00e-03
c2 	1640.95 	1664 	0 	3328 	175.938 	166.400 	2.40e-03 	2.00e-03
c3 	1423.34 	1471 	0 	2942 	155.532 	147.100 	2.40e-03 	2.00e-03
c4 	759.91 	752 	0 	1504 	79.511 	75.200 	2.40e-03 	2.00e-03
c5 	500.70 	494 	0 	988 	52.232 	49.400 	2.40e-03 	2.00e-03
c6 	272.39 	290 	0 	580 	30.662 	29.000 	2.40e-03 	2.00e-03
c7 	13.25 	13 	0 	26 	1.375 	1.300 	2.40e-03 	2.00e-03
c9 	12881.20 	14389 	0 	28778 	1521.380 	1438.900 	2.40e-03 	2.00e-03
c10 	23.11 	21 	0 	42 	2.220 	2.100 	2.40e-03 	2.00e-03
c11 	400.01 	390 	0 	780 	41.236 	39.000 	2.40e-03 	2.00e-03
c13 	6.71 	7 	0 	14 	0.740 	0.700 	2.40e-03 	2.00e-03
d1 	188.60 	184 	0 	368 	19.455 	18.400 	2.40e-03 	2.00e-03
d2 	52.80 	53 	0 	106 	5.604 	5.300 	2.40e-03 	2.00e-03
d3 	379.20 	390 	0 	780 	41.236 	39.000 	2.40e-03 	2.00e-03
d4 	6.66 	7 	0 	14 	0.740 	0.700 	2.40e-03 	2.00e-03
d5 	299.81 	285 	0 	570 	30.134 	28.500 	2.40e-03 	2.00e-03
d6 	238.15 	251 	0 	502 	26.539 	25.100 	2.40e-03 	2.00e-03
d7 	159.18 	182 	0 	364 	19.243 	18.200 	2.40e-03 	2.00e-03
d8 	159.56 	166 	0 	332 	17.552 	16.600 	2.40e-03 	2.00e-03
d9 	167.03 	168 	0 	336 	17.763 	16.800 	2.40e-03 	2.00e-03
e1 	4070.99 	4165 	0 	8330 	440.375 	416.500 	2.40e-03 	2.00e-03
e3 	51.45 	51 	0 	102 	5.392 	5.100 	2.40e-03 	2.00e-03
e4 	145.09 	143 	0 	286 	15.120 	14.300 	2.40e-03 	2.00e-03
e5 	49.35 	52 	0 	104 	5.498 	5.200 	2.40e-03 	2.00e-03
e6 	144.37 	135 	0 	270 	14.274 	13.500 	2.40e-03 	2.00e-03
e7 	12.23 	12 	0 	24 	1.269 	1.200 	2.40e-03 	2.00e-03
e8 	23.94 	24 	0 	48 	2.538 	2.400 	2.40e-03 	2.00e-03
f1 	35.82 	36 	0 	72 	3.806 	3.600 	2.40e-03 	2.00e-03
f2 	54.08 	54 	0 	108 	5.710 	5.400 	2.40e-03 	2.00e-03
f3 	77.47 	76 	0 	152 	8.036 	7.600 	2.40e-03 	2.00e-03
f4 	261.83 	293 	0 	586 	30.980 	29.300 	2.40e-03 	2.00e-03
f5 	203.70 	195 	0 	390 	20.618 	19.500 	2.40e-03 	2.00e-03
f6 	96.91 	107 	0 	214 	11.313 	10.700 	2.40e-03 	2.00e-03
f7 	265.57 	259 	0 	518 	27.385 	25.900 	2.40e-03 	2.00e-03
f8 	255.47 	260 	0 	520 	27.490 	26.000 	2.40e-03 	2.00e-03
f9 	94.27 	98 	0 	196 	10.362 	9.800 	2.40e-03 	2.00e-03
f10 	14.47 	16 	0 	32 	1.692 	1.600 	2.40e-03 	2.00e-03
g1 	4299.06 	3994 	0 	7988 	422.294 	399.400 	2.40e-03 	2.00e-03
g2 	4409.57 	4664 	0 	9328 	493.135 	466.400 	2.40e-03 	2.00e-03
g4 	10.44 	10 	0 	20 	1.057 	1.000 	2.40e-03 	2.00e-03
g5 	37.67 	35 	0 	70 	3.701 	3.500 	2.40e-03 	2.00e-03
g6 	8.03 	8 	0 	16 	0.846 	0.800 	2.40e-03 	2.00e-03
g7 	13.61 	14 	0 	28 	1.480 	1.400 	2.40e-03 	2.00e-03
h1 	118.42 	122 	0 	244 	12.899 	12.200 	2.40e-03 	2.00e-03
h2 	38.33 	39 	0 	78 	4.124 	3.900 	2.40e-03 	2.00e-03
h3 	169.03 	165 	0 	330 	17.446 	16.500 	2.40e-03 	2.00e-03
h4 	8.19 	8 	0 	16 	0.846 	0.800 	2.40e-03 	2.00e-03
h5 	115.75 	107 	0 	214 	11.313 	10.700 	2.40e-03 	2.00e-03
h6 	100.65 	98 	0 	196 	10.362 	9.800 	2.40e-03 	2.00e-03
h7 	132.85 	134 	0 	268 	14.168 	13.400 	2.40e-03 	2.00e-03
h8 	91.98 	91 	0 	182 	9.622 	9.100 	2.40e-03 	2.00e-03
h10 	94.05 	94 	0 	188 	9.939 	9.400 	2.40e-03 	2.00e-03
h11 	305.49 	304 	0 	608 	32.143 	30.400 	2.40e-03 	2.00e-03
i1 	279.53 	299 	0 	598 	31.614 	29.900 	2.40e-03 	2.00e-03
i2 	5036.22 	4643 	0 	9286 	490.915 	464.300 	2.40e-03 	2.00e-03
i3 	82.03 	83 	0 	166 	8.776 	8.300 	2.40e-03 	2.00e-03
i4 	1239.27 	1274 	0 	2548 	134.703 	127.400 	2.40e-03 	2.00e-03
i5 	794.72 	746 	0 	1492 	78.876 	74.600 	2.40e-03 	2.00e-03
i6 	1341.28 	1293 	0 	2586 	136.712 	129.300 	2.40e-03 	2.00e-03
i7 	52.67 	52 	0 	104 	5.498 	5.200 	2.40e-03 	2.00e-03
b2 	11796.86 	13424 	1 	26848 	1419.296 	1342.350 	2.40e-03 	2.00e-03
c8 	272.17 	260 	1 	520 	27.438 	25.950 	2.40e-03 	2.00e-03
c12 	209.34 	202 	1 	404 	21.305 	20.150 	2.40e-03 	2.00e-03
e2 	3652.78 	3853 	1 	7706 	407.333 	385.250 	2.40e-03 	2.00e-03
g3 	11016.42 	10898 	1 	21796 	1152.217 	1089.750 	2.40e-03 	2.00e-03
h9 	102.45 	100 	1 	200 	10.520 	9.950 	2.40e-03 	2.00e-03
h12 	106.90 	116 	1 	232 	12.212 	11.550 	2.40e-03 	2.00e-03
h13 	173.69 	180 	1 	360 	18.979 	17.950 	2.40e-03 	2.00e-03
h14 	24.78 	25 	1 	50 	2.590 	2.450 	2.40e-03 	2.00e-03