a1 	121.52 	122 	0 	244 	13.613 	12.200 	2.80e-03 	2.00e-03
a2 	32.96 	37 	0 	74 	4.128 	3.700 	2.80e-03 	2.00e-03
a3 	73.69 	66 	0 	132 	7.364 	6.600 	2.80e-03 	2.00e-03
a4 	185.25 	190 	0 	380 	21.200 	19.000 	2.80e-03 	2.00e-03
a5 	103.96 	108 	0 	216 	12.050 	10.800 	2.80e-03 	2.00e-03
a6 	1606.29 	1596 	0 	3192 	178.079 	159.600 	2.80e-03 	2.00e-03
a7 	824.24 	736 	0 	1472 	82.122 	73.600 	2.80e-03 	2.00e-03
a8 	261.03 	268 	0 	536 	29.903 	26.800 	2.80e-03 	2.00e-03
a9 	2210.35 	2044 	0 	4088 	228.067 	204.400 	2.80e-03 	2.00e-03
b1 	4.44 	5 	0 	10 	0.558 	0.500 	2.80e-03 	2.00e-03
b3 	134.97 	125 	0 	250 	13.947 	12.500 	2.80e-03 	2.00e-03
b4 	86.36 	89 	0 	178 	9.930 	8.900 	2.80e-03 	2.00e-03
b5 	737.24 	700 	0 	1400 	78.105 	70.000 	2.80e-03 	2.00e-03
b6 	1186.46 	1188 	0 	2376 	132.555 	118.800 	2.80e-03 	2.00e-03
b7 	662.19 	658 	0 	1316 	73.419 	65.800 	2.80e-03 	2.00e-03
b8 	1893.49 	1862 	0 	3724 	207.759 	186.200 	2.80e-03 	2.00e-03
c1 	10.62 	10 	0 	20 	1.116 	1.000 	2.80e-03 	2.00e-03
c2 	1672.22 	1664 	0 	3328 	185.667 	166.400 	2.80e-03 	2.00e-03
c3 	1444.16 	1471 	0 	2942 	164.132 	147.100 	2.80e-03 	2.00e-03
c4 	787.92 	752 	0 	1504 	83.907 	75.200 	2.80e-03 	2.00e-03
c5 	497.24 	494 	0 	988 	55.120 	49.400 	2.80e-03 	2.00e-03
c6 	281.70 	290 	0 	580 	32.358 	29.000 	2.80e-03 	2.00e-03
c7 	13.43 	13 	0 	26 	1.451 	1.300 	2.80e-03 	2.00e-03
c9 	13868.05 	14389 	0 	28778 	1605.504 	1438.900 	2.80e-03 	2.00e-03
c10 	22.97 	21 	0 	42 	2.343 	2.100 	2.80e-03 	2.00e-03
c11 	403.65 	390 	0 	780 	43.516 	39.000 	2.80e-03 	2.00e-03
c13 	6.70 	7 	0 	14 	0.781 	0.700 	2.80e-03 	2.00e-03
d1 	188.18 	184 	0 	368 	20.530 	18.400 	2.80e-03 	2.00e-03
d2 	52.39 	53 	0 	106 	5.914 	5.300 	2.80e-03 	2.00e-03
d3 	379.55 	390 	0 	780 	43.516 	39.000 	2.80e-03 	2.00e-03
d4 	6.66 	7 	0 	14 	0.781 	0.700 	2.80e-03 	2.00e-03
d5 	296.40 	285 	0 	570 	31.800 	28.500 	2.80e-03 	2.00e-03
d6 	250.40 	251 	0 	502 	28.006 	25.100 	2.80e-03 	2.00e-03
d7 	156.71 	182 	0 	364 	20.307 	18.200 	2.80e-03 	2.00e-03
d8 	158.74 	166 	0 	332 	18.522 	16.600 	2.80e-03 	2.00e-03
d9 	169.07 	168 	0 	336 	18.745 	16.800 	2.80e-03 	2.00e-03
e1 	4130.97 	4165 	0 	8330 	464.725 	416.500 	2.80e-03 	2.00e-03
e3 	51.49 	51 	0 	102 	5.691 	5.100 	2.80e-03 	2.00e-03
e4 	147.50 	143 	0 	286 	15.956 	14.300 	2.80e-03 	2.00e-03
e5 	52.04 	52 	0 	104 	5.802 	5.200 	2.80e-03 	2.00e-03
e6 	140.21 	135 	0 	270 	15.063 	13.500 	2.80e-03 	2.00e-03
e7 	12.75 	12 	0 	24 	1.339 	1.200 	2.80e-03 	2.00e-03
e8 	24.30 	24 	0 	48 	2.678 	2.400 	2.80e-03 	2.00e-03
f1 	36.60 	36 	0 	72 	4.017 	3.600 	2.80e-03 	2.00e-03
f2 	53.64 	54 	0 	108 	6.025 	5.400 	2.80e-03 	2.00e-03
f3 	76.23 	76 	0 	152 	8.480 	7.600 	2.80e-03 	2.00e-03
f4 	262.46 	293 	0 	586 	32.693 	29.300 	2.80e-03 	2.00e-03
f5 	199.68 	195 	0 	390 	21.758 	19.500 	2.80e-03 	2.00e-03
f6 	99.17 	107 	0 	214 	11.939 	10.700 	2.80e-03 	2.00e-03
f7 	264.79 	259 	0 	518 	28.899 	25.900 	2.80e-03 	2.00e-03
f8 	255.52 	260 	0 	520 	29.010 	26.000 	2.80e-03 	2.00e-03
f9 	93.59 	98 	0 	196 	10.935 	9.800 	2.80e-03 	2.00e-03
f10 	14.29 	16 	0 	32 	1.785 	1.600 	2.80e-03 	2.00e-03
g1 	4312.57 	3994 	0 	7988 	445.645 	399.400 	2.80e-03 	2.00e-03
g2 	4412.12 	4664 	0 	9328 	520.402 	466.400 	2.80e-03 	2.00e-03
g4 	10.08 	10 	0 	20 	1.116 	1.000 	2.80e-03 	2.00e-03
g5 	36.68 	35 	0 	70 	3.905 	3.500 	2.80e-03 	2.00e-03
g6 	7.68 	8 	0 	16 	0.893 	0.800 	2.80e-03 	2.00e-03
g7 	13.56 	14 	0 	28 	1.562 	1.400 	2.80e-03 	2.00e-03
h1 	120.75 	122 	0 	244 	13.613 	12.200 	2.80e-03 	2.00e-03
h2 	37.05 	39 	0 	78 	4.352 	3.900 	2.80e-03 	2.00e-03
h3 	173.01 	165 	0 	330 	18.410 	16.500 	2.80e-03 	2.00e-03
h4 	8.06 	8 	0 	16 	0.893 	0.800 	2.80e-03 	2.00e-03
h5 	110.46 	107 	0 	214 	11.939 	10.700 	2.80e-03 	2.00e-03
h6 	100.80 	98 	0 	196 	10.935 	9.800 	2.80e-03 	2.00e-03
h7 	132.83 	134 	0 	268 	14.952 	13.400 	2.80e-03 	2.00e-03
h8 	91.36 	91 	0 	182 	10.154 	9.100 	2.80e-03 	2.00e-03
h10 	93.37 	94 	0 	188 	10.488 	9.400 	2.80e-03 	2.00e-03
h11 	301.01 	304 	0 	608 	33.920 	30.400 	2.80e-03 	2.00e-03
i1 	287.19 	299 	0 	598 	33.362 	29.900 	2.80e-03 	2.00e-03
i2 	5035.23 	4643 	0 	9286 	518.059 	464.300 	2.80e-03 	2.00e-03
i3 	84.18 	83 	0 	166 	9.261 	8.300 	2.80e-03 	2.00e-03
i4 	1283.12 	1274 	0 	2548 	142.151 	127.400 	2.80e-03 	2.00e-03
i5 	811.93 	746 	0 	1492 	83.238 	74.600 	2.80e-03 	2.00e-03
i6 	1311.46 	1293 	0 	2586 	144.271 	129.300 	2.80e-03 	2.00e-03
i7 	50.17 	52 	0 	104 	5.802 	5.200 	2.80e-03 	2.00e-03
b2 	12549.28 	13424 	1 	26848 	1497.775 	1342.350 	2.80e-03 	2.00e-03
c8 	267.81 	260 	1 	520 	28.955 	25.950 	2.80e-03 	2.00e-03
c12 	205.89 	202 	1 	404 	22.483 	20.150 	2.80e-03 	2.00e-03
e2 	3817.71 	3853 	1 	7706 	429.856 	385.250 	2.80e-03 	2.00e-03
g3 	10601.55 	10898 	1 	21796 	1215.927 	1089.750 	2.80e-03 	2.00e-03
h9 	101.06 	100 	1 	200 	11.102 	9.950 	2.80e-03 	2.00e-03
h12 	108.81 	116 	1 	232 	12.887 	11.550 	2.80e-03 	2.00e-03
h13 	182.00 	180 	1 	360 	20.028 	17.950 	2.80e-03 	2.00e-03
h14 	25.82 	25 	1 	50 	2.734 	2.450 	2.80e-03 	2.00e-03