a1 	110.94 	112 	1 	224 	11.150 	11.150 	2.00e-03 	2.00e-03
a2 	25.47 	26 	1 	52 	2.550 	2.550 	2.00e-03 	2.00e-03
a3 	6912.66 	6922 	1 	13844 	692.149 	692.150 	2.00e-03 	2.00e-03
a4 	3263.12 	3837 	1 	7674 	383.650 	383.650 	2.00e-03 	2.00e-03
a5 	6654.46 	6238 	1 	12476 	623.749 	623.750 	2.00e-03 	2.00e-03
a6 	8952.21 	7490 	1 	14980 	748.949 	748.950 	2.00e-03 	2.00e-03
a7 	7030.74 	6270 	1 	12540 	626.949 	626.950 	2.00e-03 	2.00e-03
a8 	155.51 	154 	1 	308 	15.350 	15.350 	2.00e-03 	2.00e-03
a9 	94.80 	102 	1 	204 	10.150 	10.150 	2.00e-03 	2.00e-03
a10 	1776.01 	1661 	1 	3322 	166.050 	166.050 	2.00e-03 	2.00e-03
a11 	849.16 	831 	1 	1662 	83.050 	83.050 	2.00e-03 	2.00e-03
a12 	269.46 	269 	1 	538 	26.850 	26.850 	2.00e-03 	2.00e-03
a13 	2703.99 	2666 	1 	5332 	266.550 	266.550 	2.00e-03 	2.00e-03
a14 	88.26 	97 	1 	194 	9.650 	9.650 	2.00e-03 	2.00e-03
a15 	4.80 	5 	1 	10 	0.450 	0.450 	2.00e-03 	2.00e-03
a16 	11276.34 	12991 	1 	25982 	1299.049 	1299.050 	2.00e-03 	2.00e-03
a17 	122.21 	141 	1 	282 	14.050 	14.050 	2.00e-03 	2.00e-03
a18 	76.60 	83 	1 	166 	8.250 	8.250 	2.00e-03 	2.00e-03
a19 	56.50 	63 	1 	126 	6.250 	6.250 	2.00e-03 	2.00e-03
a20 	117.79 	108 	1 	216 	10.750 	10.750 	2.00e-03 	2.00e-03
a21 	637.77 	631 	1 	1262 	63.050 	63.050 	2.00e-03 	2.00e-03
a22 	1198.22 	1210 	1 	2420 	120.950 	120.950 	2.00e-03 	2.00e-03
a23 	456.01 	479 	1 	958 	47.850 	47.850 	2.00e-03 	2.00e-03
a24 	2051.54 	2143 	1 	4286 	214.250 	214.250 	2.00e-03 	2.00e-03
a26 	844.06 	746 	1 	1492 	74.550 	74.550 	2.00e-03 	2.00e-03
a27 	974.10 	1042 	1 	2084 	104.150 	104.150 	2.00e-03 	2.00e-03
a28 	9.73 	10 	1 	20 	0.950 	0.950 	2.00e-03 	2.00e-03
a29 	1725.70 	1881 	1 	3762 	188.050 	188.050 	2.00e-03 	2.00e-03
a30 	1398.91 	1413 	1 	2826 	141.250 	141.250 	2.00e-03 	2.00e-03
a31 	642.45 	616 	1 	1232 	61.550 	61.550 	2.00e-03 	2.00e-03
a32 	1009.74 	1151 	1 	2302 	115.050 	115.050 	2.00e-03 	2.00e-03
a33 	1145.56 	1107 	1 	2214 	110.650 	110.650 	2.00e-03 	2.00e-03
a34 	464.37 	462 	1 	924 	46.150 	46.150 	2.00e-03 	2.00e-03
a35 	286.23 	297 	1 	594 	29.650 	29.650 	2.00e-03 	2.00e-03
a36 	15.01 	14 	1 	28 	1.350 	1.350 	2.00e-03 	2.00e-03
a37 	289.45 	310 	1 	620 	30.950 	30.950 	2.00e-03 	2.00e-03
a38 	100.78 	97 	1 	194 	9.650 	9.650 	2.00e-03 	2.00e-03
a39 	18.85 	20 	1 	40 	1.950 	1.950 	2.00e-03 	2.00e-03
a40 	431.47 	440 	1 	880 	43.950 	43.950 	2.00e-03 	2.00e-03
a41 	230.35 	215 	1 	430 	21.450 	21.450 	2.00e-03 	2.00e-03
a42 	6.94 	7 	1 	14 	0.650 	0.650 	2.00e-03 	2.00e-03
a43 	5.07 	5 	1 	10 	0.450 	0.450 	2.00e-03 	2.00e-03
a44 	7.37 	7 	1 	14 	0.650 	0.650 	2.00e-03 	2.00e-03
a45 	192.68 	174 	1 	348 	17.350 	17.350 	2.00e-03 	2.00e-03
a46 	61.32 	56 	1 	112 	5.550 	5.550 	2.00e-03 	2.00e-03
a48 	423.99 	412 	1 	824 	41.150 	41.150 	2.00e-03 	2.00e-03
a49 	6.84 	7 	1 	14 	0.650 	0.650 	2.00e-03 	2.00e-03
a50 	263.49 	271 	1 	542 	27.050 	27.050 	2.00e-03 	2.00e-03
a51 	221.71 	243 	1 	486 	24.250 	24.250 	2.00e-03 	2.00e-03
a52 	37.40 	37 	1 	74 	3.650 	3.650 	2.00e-03 	2.00e-03
a53 	163.97 	152 	1 	304 	15.150 	15.150 	2.00e-03 	2.00e-03
a54 	162.63 	141 	1 	282 	14.050 	14.050 	2.00e-03 	2.00e-03
a55 	159.53 	156 	1 	312 	15.550 	15.550 	2.00e-03 	2.00e-03
a56 	3865.24 	3901 	1 	7802 	390.050 	390.050 	2.00e-03 	2.00e-03
a57 	3399.48 	3459 	1 	6918 	345.850 	345.850 	2.00e-03 	2.00e-03
a58 	48.67 	47 	1 	94 	4.650 	4.650 	2.00e-03 	2.00e-03
a59 	138.15 	137 	1 	274 	13.650 	13.650 	2.00e-03 	2.00e-03
a60 	42.66 	47 	1 	94 	4.650 	4.650 	2.00e-03 	2.00e-03
a61 	143.67 	142 	1 	284 	14.150 	14.150 	2.00e-03 	2.00e-03
a62 	12.16 	12 	1 	24 	1.150 	1.150 	2.00e-03 	2.00e-03
a63 	23.10 	25 	1 	50 	2.450 	2.450 	2.00e-03 	2.00e-03
a64 	5.41 	5 	1 	10 	0.450 	0.450 	2.00e-03 	2.00e-03
a65 	32.94 	33 	1 	66 	3.250 	3.250 	2.00e-03 	2.00e-03
a66 	52.62 	52 	1 	104 	5.150 	5.150 	2.00e-03 	2.00e-03
a67 	83.98 	74 	1 	148 	7.350 	7.350 	2.00e-03 	2.00e-03
a68 	250.48 	249 	1 	498 	24.850 	24.850 	2.00e-03 	2.00e-03
a69 	175.77 	194 	1 	388 	19.350 	19.350 	2.00e-03 	2.00e-03
a70 	100.34 	94 	1 	188 	9.350 	9.350 	2.00e-03 	2.00e-03
a71 	285.47 	287 	1 	574 	28.650 	28.650 	2.00e-03 	2.00e-03
a72 	253.05 	249 	1 	498 	24.850 	24.850 	2.00e-03 	2.00e-03
a73 	97.13 	99 	1 	198 	9.850 	9.850 	2.00e-03 	2.00e-03
a74 	15.33 	15 	1 	30 	1.450 	1.450 	2.00e-03 	2.00e-03
a75 	4263.33 	4126 	1 	8252 	412.550 	412.550 	2.00e-03 	2.00e-03
a76 	1032.50 	1037 	1 	2074 	103.650 	103.650 	2.00e-03 	2.00e-03
a77 	987.59 	965 	1 	1930 	96.450 	96.450 	2.00e-03 	2.00e-03
a78 	925.58 	960 	1 	1920 	95.950 	95.950 	2.00e-03 	2.00e-03
a79 	1061.06 	1018 	1 	2036 	101.750 	101.750 	2.00e-03 	2.00e-03
a80 	291.55 	307 	1 	614 	30.650 	30.650 	2.00e-03 	2.00e-03
a81 	33837.91 	34112 	1 	68224 	3411.147 	3411.150 	2.00e-03 	2.00e-03
a83 	2824.53 	2355 	1 	4710 	235.450 	235.450 	2.00e-03 	2.00e-03
a84 	1101.31 	1141 	1 	2282 	114.050 	114.050 	2.00e-03 	2.00e-03
a85 	1230.40 	1087 	1 	2174 	108.650 	108.650 	2.00e-03 	2.00e-03
a86 	7.47 	8 	1 	16 	0.750 	0.750 	2.00e-03 	2.00e-03
a87 	1193.90 	990 	1 	1980 	98.950 	98.950 	2.00e-03 	2.00e-03
a88 	3.17 	3 	1 	6 	0.250 	0.250 	2.00e-03 	2.00e-03
a89 	993.17 	940 	1 	1880 	93.950 	93.950 	2.00e-03 	2.00e-03
a90 	944.59 	887 	1 	1774 	88.650 	88.650 	2.00e-03 	2.00e-03
a91 	2106.26 	1960 	1 	3920 	195.950 	195.950 	2.00e-03 	2.00e-03
a92 	6.81 	7 	1 	14 	0.650 	0.650 	2.00e-03 	2.00e-03
a93 	4790.47 	4666 	1 	9332 	466.550 	466.550 	2.00e-03 	2.00e-03
a94 	3752.33 	3874 	1 	7748 	387.350 	387.350 	2.00e-03 	2.00e-03
a95 	1609.50 	1451 	1 	2902 	145.050 	145.050 	2.00e-03 	2.00e-03
a96 	42.67 	40 	1 	80 	3.950 	3.950 	2.00e-03 	2.00e-03
a97 	9.03 	10 	1 	20 	0.950 	0.950 	2.00e-03 	2.00e-03
a99 	2178.34 	2111 	1 	4222 	211.050 	211.050 	2.00e-03 	2.00e-03
a100 	3384.72 	3444 	1 	6888 	344.350 	344.350 	2.00e-03 	2.00e-03
a101 	15.78 	14 	1 	28 	1.350 	1.350 	2.00e-03 	2.00e-03
a102 	119.29 	118 	1 	236 	11.750 	11.750 	2.00e-03 	2.00e-03
a103 	4.76 	5 	1 	10 	0.450 	0.450 	2.00e-03 	2.00e-03
a104 	38.99 	37 	1 	74 	3.650 	3.650 	2.00e-03 	2.00e-03
a105 	193.29 	169 	1 	338 	16.850 	16.850 	2.00e-03 	2.00e-03
a106 	7.91 	8 	1 	16 	0.750 	0.750 	2.00e-03 	2.00e-03
a107 	142.73 	128 	1 	256 	12.750 	12.750 	2.00e-03 	2.00e-03
a108 	107.35 	102 	1 	204 	10.150 	10.150 	2.00e-03 	2.00e-03
a109 	109.98 	115 	1 	230 	11.450 	11.450 	2.00e-03 	2.00e-03
a110 	80.62 	82 	1 	164 	8.150 	8.150 	2.00e-03 	2.00e-03
a111 	99.98 	106 	1 	212 	10.550 	10.550 	2.00e-03 	2.00e-03
a112 	315.82 	318 	1 	636 	31.750 	31.750 	2.00e-03 	2.00e-03
a113 	512.35 	436 	1 	872 	43.550 	43.550 	2.00e-03 	2.00e-03
a114 	218.97 	207 	1 	414 	20.650 	20.650 	2.00e-03 	2.00e-03
a115 	1256.81 	1195 	1 	2390 	119.450 	119.450 	2.00e-03 	2.00e-03
a116 	317.55 	307 	1 	614 	30.650 	30.650 	2.00e-03 	2.00e-03
a117 	184.64 	165 	1 	330 	16.450 	16.450 	2.00e-03 	2.00e-03
a118 	114.59 	114 	1 	228 	11.350 	11.350 	2.00e-03 	2.00e-03
a119 	164.50 	163 	1 	326 	16.250 	16.250 	2.00e-03 	2.00e-03
a120 	161.61 	146 	1 	292 	14.550 	14.550 	2.00e-03 	2.00e-03
a121 	322.24 	301 	1 	602 	30.050 	30.050 	2.00e-03 	2.00e-03
a122 	4678.82 	5228 	1 	10456 	522.749 	522.750 	2.00e-03 	2.00e-03
a123 	82.67 	80 	1 	160 	7.950 	7.950 	2.00e-03 	2.00e-03
a124 	805.65 	768 	1 	1536 	76.750 	76.750 	2.00e-03 	2.00e-03
a125 	100.77 	108 	1 	216 	10.750 	10.750 	2.00e-03 	2.00e-03
a126 	1131.80 	1168 	1 	2336 	116.750 	116.750 	2.00e-03 	2.00e-03
a127 	1213.62 	1216 	1 	2432 	121.550 	121.550 	2.00e-03 	2.00e-03
a128 	1117.16 	1062 	1 	2124 	106.150 	106.150 	2.00e-03 	2.00e-03
a129 	1267.06 	1272 	1 	2544 	127.150 	127.150 	2.00e-03 	2.00e-03
a130 	941.69 	966 	1 	1932 	96.550 	96.550 	2.00e-03 	2.00e-03
a131 	1209.92 	1205 	1 	2410 	120.450 	120.450 	2.00e-03 	2.00e-03
a132 	1135.94 	1025 	1 	2050 	102.450 	102.450 	2.00e-03 	2.00e-03
a133 	696.88 	621 	1 	1242 	62.050 	62.050 	2.00e-03 	2.00e-03
a134 	326.40 	325 	1 	650 	32.450 	32.450 	2.00e-03 	2.00e-03
a135 	447.87 	512 	1 	1024 	51.150 	51.150 	2.00e-03 	2.00e-03
a136 	491.02 	534 	1 	1068 	53.350 	53.350 	2.00e-03 	2.00e-03
a137 	849.81 	879 	1 	1758 	87.850 	87.850 	2.00e-03 	2.00e-03
a138 	898.19 	888 	1 	1776 	88.750 	88.750 	2.00e-03 	2.00e-03
a139 	778.34 	634 	1 	1268 	63.350 	63.350 	2.00e-03 	2.00e-03
a140 	239081.72 	262144 	1 	524288 	26214.274 	26214.300 	2.00e-03 	2.00e-03
a141 	386.72 	394 	1 	788 	39.350 	39.350 	2.00e-03 	2.00e-03
a142 	269.03 	287 	1 	574 	28.650 	28.650 	2.00e-03 	2.00e-03
a143 	236.25 	249 	1 	498 	24.850 	24.850 	2.00e-03 	2.00e-03
a144 	102.49 	99 	1 	198 	9.850 	9.850 	2.00e-03 	2.00e-03
a145 	274334.32 	262144 	1 	524288 	26214.274 	26214.300 	2.00e-03 	2.00e-03
a146 	270915.76 	262144 	1 	524288 	26214.274 	26214.300 	2.00e-03 	2.00e-03